population_df <-
structure(list(state = c("CA", "NY", "PA", "TX", "IL", "OH", 
"MI", "NJ", "FL", "MA", "IN", "NC", "MO", "VA", "GA", "WI", "TN", 
"MD", "MN", "LA", "AL", "WA", "KY", "CT", "IA", "SC", "OK", "KS", 
"MS", "CO", "OR", "AR", "AZ", "WV", "NE", "UT", "NM", "ME", "RI", 
"HI", "NH", "ID", "MT", "SD", "ND", "DE", "NV", "VT", "WY", "AK"
), `1970` = c(19953134, 18236967, 11793909, 11196730, 11113976, 
10652017, 8875083, 7168164, 6789443, 5689170, 5193669, 5082059, 
4676501, 4648494, 4589575, 4417731, 3923687, 3922399, 3804971, 
3641306, 3444165, 3409169, 3218706, 3031709, 2824376, 2590516, 
2559229, 2246578, 2216912, 2207259, 2091533, 1923295, 1745944, 
1744237, 1483493, 1059273, 1017055, 992048, 946725, 769913, 737681, 
712567, 694409, 665507, 617761, 548104, 488738, 444330, 332416, 
300382), `1980` = c(23667902, 17558072, 11863895, 14229191, 11426518, 
10797630, 9262078, 7364823, 9746324, 5737037, 5490224, 5881766, 
4916686, 5346818, 5463105, 4705767, 4591120, 4216975, 4075970, 
4205900, 3893888, 4132156, 3660777, 3107576, 2913808, 3121820, 
3025290, 2363679, 2520638, 2889964, 2633105, 2286435, 2718215, 
1949644, 1569825, 1461037, 1302894, 1124660, 947154, 964691, 
920610, 943935, 786690, 690768, 652717, 594338, 800493, 511456, 
469557, 401851), `1990` = c(29760021, 17990455, 11881643, 16986510, 
11430602, 10847115, 9295297, 7730188, 12937926, 6016425, 5544159, 
6628637, 5117073, 6187358, 6478216, 4891769, 4877185, 4781468, 
4375099, 4219973, 4040587, 4866692, 3685296, 3287116, 2776755, 
3486703, 3145585, 2477574, 2573216, 3294394, 2842321, 2350725, 
3665228, 1793477, 1578385, 1722850, 1515069, 1227928, 1003464, 
1108229, 1109252, 1006749, 799065, 696004, 638800, 666168, 1201833, 
562758, 453588, 550043), `2000` = c(33871648, 18976457, 12281054, 
20851820, 12419293, 11353140, 9938444, 8414350, 15982378, 6349097, 
6080485, 8049313, 5595211, 7078515, 8186453, 5363675, 5689283, 
5296486, 4919479, 4468976, 4447100, 5894121, 4041769, 3405565, 
2926324, 4012012, 3450654, 2688418, 2844658, 4301261, 3421399, 
2673400, 5130632, 1808344, 1711263, 2233169, 1819046, 1274923, 
1048319, 1211537, 1235786, 1293953, 902195, 754844, 642200, 783600, 
1998257, 608827, 493782, 626932), `2010` = c(37253956, 19378102, 
12702379, 25145561, 12830632, 11536504, 9883640, 8791894, 18801310, 
6547629, 6483802, 9535483, 5988927, 8001024, 9687653, 5686986, 
6346105, 5773552, 5303925, 4533372, 4779736, 6724540, 4339367, 
3574097, 3046355, 4625364, 3751351, 2853118, 2967297, 5029196, 
3831074, 2915918, 6392017, 1852994, 1826341, 2763885, 2059179, 
1328361, 1052567, 1360301, 1316470, 1567582, 989415, 814180, 
672591, 897934, 2700551, 625741, 563626, 710231), mean = c(28901332.199999999, 
18428010.600000001, 12104576, 17681962.399999999, 11844204.199999999, 
11037281.199999999, 9450908.4000000004, 7893883.7999999998, 12851476.199999999, 
6067871.5999999996, 5758467.7999999998, 7035451.5999999996, 5258879.5999999996, 
6252441.7999999998, 6881000.4000000004, 5013185.5999999996, 5085476, 
4798176, 4495888.7999999998, 4213905.4000000004, 4121095.2000000002, 
5005335.5999999996, 3789183, 3281212.6000000001, 2897523.6000000001, 
3567283, 3186421.7999999998, 2525873.3999999999, 2624544.2000000002, 
3544414.7999999998, 2963886.3999999999, 2429954.6000000001, 3930407.2000000002, 
1829739.2, 1633861.3999999999, 1848042.8, 1542648.6000000001, 
1189584, 999645.80000000005, 1082934.2, 1063959.8, 1104957.2, 
834354.80000000005, 724260.59999999998, 644813.80000000005, 698028.80000000005, 
1437974.3999999999, 550622.40000000002, 462593.79999999999, 517887.79999999999
)), row.names = c(NA, -50L), groups = structure(list(state = c("AK", 
"AL", "AR", "AZ", "CA", "CO", "CT", "DE", "FL", "GA", "HI", "IA", 
"ID", "IL", "IN", "KS", "KY", "LA", "MA", "MD", "ME", "MI", "MN", 
"MO", "MS", "MT", "NC", "ND", "NE", "NH", "NJ", "NM", "NV", "NY", 
"OH", "OK", "OR", "PA", "RI", "SC", "SD", "TN", "TX", "UT", "VA", 
"VT", "WA", "WI", "WV", "WY"), .rows = structure(list(50L, 21L, 
    32L, 33L, 1L, 30L, 24L, 46L, 9L, 15L, 40L, 25L, 42L, 5L, 
    11L, 28L, 23L, 20L, 10L, 18L, 38L, 7L, 19L, 13L, 29L, 43L, 
    12L, 45L, 35L, 41L, 8L, 37L, 47L, 2L, 6L, 27L, 31L, 3L, 39L, 
    26L, 44L, 17L, 4L, 36L, 14L, 48L, 22L, 16L, 34L, 49L), ptype = integer(0), class = c("vctrs_list_of", 
"vctrs_vctr", "list"))), row.names = c(NA, -50L), class = c("tbl_df", 
"tbl", "data.frame"), .drop = TRUE), class = c("grouped_df", 
"tbl_df", "tbl", "data.frame"))
